uint8_t ls_grid[] = {
//R - Ch 3
44, 43, 42, 42, 41, 40, 40, 39, 38, 38, 37, 36, 36, 36, 35, 35, 35, 34, 34, 34, 34, 33, 33, 33, 33, 33, 33, 34, 34, 34, 34, 34, 34, 35, 35, 35, 35, 36, 36, 37, 37,
44, 43, 42, 41, 41, 40, 39, 38, 38, 37, 37, 36, 36, 36, 35, 35, 35, 34, 34, 34, 34, 33, 33, 33, 33, 33, 33, 33, 33, 33, 34, 34, 34, 34, 34, 35, 35, 35, 36, 37, 37,
43, 42, 42, 41, 40, 40, 39, 39, 38, 37, 37, 36, 36, 36, 35, 35, 35, 34, 34, 34, 33, 33, 33, 33, 33, 33, 33, 33, 33, 33, 33, 33, 34, 34, 34, 34, 35, 35, 35, 36, 37,
43, 42, 41, 41, 40, 40, 39, 39, 38, 37, 37, 36, 36, 35, 35, 35, 34, 34, 34, 34, 33, 33, 33, 33, 33, 33, 33, 33, 33, 33, 33, 33, 33, 33, 34, 34, 34, 35, 35, 36, 36,
42, 42, 41, 40, 39, 39, 39, 39, 38, 37, 37, 36, 36, 35, 35, 35, 34, 34, 34, 34, 33, 33, 33, 33, 33, 33, 33, 33, 33, 33, 33, 33, 33, 33, 33, 34, 34, 34, 34, 35, 35,
42, 41, 41, 40, 39, 39, 38, 38, 38, 37, 36, 36, 36, 35, 35, 35, 34, 34, 34, 34, 33, 33, 33, 33, 33, 33, 33, 33, 33, 32, 33, 33, 33, 33, 33, 33, 33, 34, 34, 34, 35,
42, 41, 40, 39, 39, 39, 38, 38, 37, 37, 36, 36, 36, 35, 35, 35, 34, 34, 34, 34, 33, 33, 33, 33, 33, 33, 33, 32, 32, 32, 32, 32, 32, 33, 33, 33, 33, 33, 34, 34, 34,
42, 41, 40, 40, 39, 38, 38, 37, 37, 37, 36, 36, 36, 35, 35, 35, 34, 34, 34, 34, 33, 33, 33, 33, 33, 33, 32, 32, 32, 32, 32, 32, 32, 32, 33, 33, 33, 33, 34, 34, 34,
41, 40, 40, 39, 39, 38, 38, 37, 37, 37, 36, 36, 36, 35, 35, 35, 34, 34, 34, 34, 33, 33, 33, 33, 33, 32, 32, 32, 32, 32, 32, 32, 32, 32, 32, 33, 33, 33, 33, 34, 34,
41, 40, 39, 39, 38, 38, 37, 37, 37, 37, 36, 36, 36, 35, 35, 35, 34, 34, 34, 33, 33, 33, 33, 33, 32, 32, 32, 32, 32, 32, 32, 32, 32, 32, 32, 32, 32, 33, 33, 33, 33,
41, 40, 39, 39, 38, 38, 37, 37, 37, 37, 36, 36, 36, 35, 35, 35, 34, 34, 34, 33, 33, 33, 33, 33, 32, 32, 32, 32, 32, 32, 32, 32, 32, 32, 32, 32, 32, 32, 33, 33, 33,
40, 40, 39, 39, 38, 38, 37, 37, 37, 37, 36, 36, 36, 35, 35, 35, 35, 34, 34, 33, 33, 33, 33, 32, 32, 32, 32, 32, 32, 32, 32, 32, 32, 32, 32, 32, 32, 32, 32, 33, 33,
41, 40, 39, 38, 38, 38, 37, 37, 37, 37, 36, 36, 36, 36, 35, 35, 35, 34, 34, 33, 33, 33, 33, 32, 32, 32, 32, 32, 32, 32, 32, 32, 32, 32, 32, 32, 32, 32, 32, 33, 33,
40, 40, 39, 38, 38, 38, 37, 37, 37, 37, 36, 36, 36, 36, 35, 35, 35, 34, 34, 33, 33, 33, 32, 32, 32, 32, 32, 32, 32, 32, 32, 32, 32, 32, 32, 32, 32, 32, 32, 33, 33,
40, 39, 39, 38, 38, 38, 37, 37, 37, 37, 37, 37, 36, 36, 36, 35, 35, 34, 34, 33, 33, 33, 33, 32, 32, 32, 32, 32, 32, 32, 32, 32, 32, 32, 32, 32, 32, 32, 32, 33, 33,
40, 39, 39, 38, 38, 38, 37, 37, 37, 37, 37, 37, 36, 36, 36, 35, 35, 34, 34, 34, 33, 33, 33, 33, 32, 32, 32, 32, 32, 32, 32, 32, 32, 32, 32, 32, 32, 32, 32, 33, 33,
40, 40, 39, 39, 38, 38, 38, 37, 37, 37, 37, 37, 36, 36, 36, 35, 35, 35, 34, 34, 33, 33, 33, 33, 33, 33, 33, 32, 32, 32, 32, 32, 32, 32, 32, 32, 32, 32, 32, 33, 33,
41, 40, 39, 39, 38, 38, 38, 38, 37, 37, 37, 37, 36, 36, 36, 35, 35, 35, 34, 34, 34, 33, 33, 33, 33, 33, 33, 33, 32, 32, 32, 32, 32, 32, 32, 32, 32, 32, 33, 33, 33,
41, 41, 40, 39, 38, 38, 38, 37, 37, 37, 37, 36, 36, 36, 36, 35, 35, 35, 35, 34, 34, 34, 34, 33, 33, 33, 33, 33, 32, 32, 32, 32, 32, 32, 32, 32, 32, 32, 33, 33, 33,
41, 41, 40, 39, 39, 38, 38, 38, 37, 37, 37, 36, 36, 36, 36, 35, 35, 35, 35, 34, 34, 34, 34, 33, 33, 33, 33, 33, 33, 32, 32, 32, 32, 32, 32, 32, 32, 33, 33, 33, 33,
41, 40, 40, 40, 39, 38, 38, 38, 37, 37, 37, 37, 36, 36, 36, 36, 35, 35, 35, 34, 34, 34, 34, 34, 33, 33, 33, 33, 33, 32, 32, 32, 32, 32, 32, 32, 33, 33, 33, 33, 33,
41, 41, 40, 40, 39, 39, 38, 38, 38, 37, 37, 37, 37, 36, 36, 36, 35, 35, 35, 35, 34, 34, 34, 34, 34, 33, 33, 33, 33, 33, 33, 33, 32, 32, 33, 33, 33, 33, 33, 34, 34,
42, 41, 41, 40, 39, 39, 39, 38, 38, 37, 37, 37, 37, 36, 36, 36, 35, 35, 35, 34, 34, 34, 34, 34, 34, 34, 33, 33, 33, 33, 33, 33, 33, 33, 33, 33, 33, 34, 34, 34, 34,
42, 42, 41, 40, 40, 39, 39, 38, 38, 38, 37, 37, 37, 37, 37, 36, 35, 35, 35, 35, 34, 34, 34, 34, 34, 34, 33, 33, 33, 33, 33, 33, 33, 33, 33, 33, 34, 34, 34, 34, 34,
43, 42, 41, 41, 40, 40, 39, 38, 38, 38, 37, 37, 37, 37, 37, 36, 35, 35, 35, 35, 34, 34, 34, 34, 34, 34, 34, 33, 33, 33, 33, 33, 33, 33, 33, 33, 34, 34, 34, 35, 36,
43, 42, 42, 41, 40, 40, 40, 39, 38, 38, 38, 37, 37, 36, 36, 36, 35, 35, 35, 35, 35, 34, 34, 34, 34, 34, 34, 34, 33, 33, 33, 33, 34, 34, 34, 34, 34, 34, 35, 36, 36,
44, 43, 42, 41, 41, 41, 41, 40, 39, 38, 38, 37, 37, 36, 36, 36, 36, 35, 35, 35, 35, 34, 34, 34, 34, 34, 34, 34, 34, 34, 34, 34, 34, 34, 34, 34, 35, 35, 35, 36, 37,
44, 43, 42, 42, 41, 41, 41, 41, 39, 38, 38, 37, 37, 37, 37, 36, 36, 35, 35, 35, 35, 35, 34, 34, 34, 34, 34, 34, 34, 34, 34, 34, 34, 34, 35, 35, 35, 36, 36, 36, 37,
45, 44, 43, 42, 41, 41, 41, 40, 39, 39, 38, 38, 37, 37, 37, 37, 36, 35, 35, 35, 35, 35, 34, 34, 34, 34, 34, 34, 34, 34, 35, 35, 35, 35, 35, 35, 36, 36, 37, 37, 37,
45, 44, 43, 43, 42, 41, 40, 40, 40, 39, 38, 38, 38, 37, 37, 36, 36, 36, 35, 35, 35, 35, 35, 35, 35, 35, 35, 35, 35, 35, 35, 35, 35, 35, 35, 36, 37, 37, 37, 37, 38,
46, 45, 44, 44, 42, 42, 41, 40, 40, 40, 39, 38, 38, 38, 37, 37, 37, 36, 36, 35, 35, 36, 35, 35, 35, 36, 36, 35, 35, 36, 36, 36, 36, 36, 36, 37, 38, 38, 38, 38, 38,
//Gr - Ch 2
52, 51, 50, 49, 48, 47, 46, 45, 45, 44, 43, 43, 43, 42, 42, 41, 41, 41, 40, 40, 40, 40, 40, 40, 40, 40, 40, 40, 41, 41, 41, 42, 42, 42, 43, 43, 44, 45, 45, 46, 46,
52, 50, 49, 48, 47, 47, 46, 45, 44, 44, 43, 42, 42, 42, 41, 41, 40, 40, 40, 40, 39, 39, 39, 39, 39, 39, 40, 40, 40, 41, 41, 41, 42, 42, 43, 43, 44, 45, 45, 46, 46,
51, 50, 49, 48, 47, 46, 46, 45, 44, 43, 42, 42, 41, 41, 40, 40, 40, 39, 39, 39, 39, 39, 38, 38, 39, 39, 39, 39, 40, 40, 40, 41, 41, 42, 42, 43, 44, 44, 45, 46, 45,
50, 49, 49, 47, 46, 46, 46, 45, 44, 42, 42, 41, 40, 40, 40, 39, 39, 38, 38, 38, 38, 38, 38, 38, 38, 38, 38, 39, 39, 39, 40, 40, 41, 41, 42, 43, 43, 44, 44, 45, 45,
50, 49, 48, 47, 46, 45, 45, 44, 43, 42, 41, 40, 40, 39, 39, 38, 38, 37, 37, 37, 37, 37, 37, 37, 37, 37, 37, 38, 38, 39, 39, 40, 40, 41, 41, 42, 43, 44, 44, 45, 45,
50, 48, 47, 46, 45, 45, 44, 43, 42, 41, 40, 40, 39, 38, 38, 37, 37, 37, 36, 36, 36, 36, 36, 36, 36, 36, 37, 37, 37, 38, 39, 39, 39, 40, 41, 42, 43, 43, 44, 45, 44,
49, 48, 47, 46, 45, 44, 43, 42, 41, 40, 40, 39, 38, 38, 37, 37, 36, 36, 36, 35, 35, 35, 35, 35, 35, 36, 36, 36, 37, 37, 38, 38, 39, 40, 41, 42, 42, 43, 44, 44, 44,
49, 48, 47, 46, 45, 44, 43, 42, 41, 40, 39, 38, 38, 37, 36, 36, 36, 35, 35, 35, 35, 35, 34, 35, 35, 35, 35, 36, 36, 37, 37, 38, 39, 39, 40, 41, 42, 42, 43, 44, 44,
49, 48, 46, 45, 44, 43, 43, 41, 41, 40, 39, 38, 37, 37, 36, 36, 35, 35, 34, 34, 34, 34, 34, 34, 34, 34, 35, 35, 36, 36, 37, 38, 38, 39, 40, 41, 42, 42, 43, 44, 43,
49, 47, 46, 45, 44, 43, 42, 41, 40, 39, 38, 38, 37, 36, 36, 35, 35, 34, 34, 34, 34, 33, 33, 34, 34, 34, 34, 35, 35, 36, 37, 37, 38, 39, 39, 41, 41, 42, 43, 43, 44,
48, 47, 46, 45, 44, 43, 42, 41, 40, 39, 38, 37, 37, 36, 35, 35, 34, 34, 33, 33, 33, 33, 33, 33, 33, 33, 34, 34, 35, 36, 36, 37, 38, 38, 39, 40, 41, 42, 43, 43, 43,
48, 47, 46, 45, 44, 43, 42, 41, 40, 39, 38, 37, 36, 36, 35, 34, 34, 34, 33, 33, 32, 32, 32, 33, 33, 33, 34, 34, 35, 35, 36, 37, 37, 38, 39, 40, 41, 42, 43, 43, 44,
48, 47, 46, 45, 44, 42, 41, 40, 40, 39, 38, 37, 36, 36, 35, 34, 34, 33, 33, 32, 32, 32, 32, 32, 32, 33, 33, 34, 34, 35, 36, 36, 37, 38, 39, 40, 41, 42, 43, 43, 44,
48, 47, 46, 44, 43, 42, 41, 40, 40, 39, 38, 37, 36, 36, 35, 34, 34, 33, 33, 32, 32, 32, 32, 32, 32, 33, 33, 34, 34, 35, 36, 37, 37, 38, 39, 40, 41, 41, 42, 43, 43,
48, 47, 46, 44, 43, 42, 41, 40, 40, 39, 38, 37, 36, 36, 35, 34, 34, 33, 32, 32, 32, 32, 32, 32, 32, 32, 33, 34, 34, 35, 36, 37, 38, 38, 39, 40, 41, 42, 43, 43, 44,
48, 47, 46, 45, 43, 42, 41, 41, 40, 39, 38, 37, 36, 36, 35, 34, 34, 33, 33, 32, 32, 32, 32, 32, 32, 33, 33, 34, 34, 35, 36, 37, 38, 38, 39, 40, 41, 42, 42, 43, 43,
48, 47, 46, 45, 44, 43, 42, 41, 40, 39, 38, 37, 36, 36, 35, 34, 34, 33, 33, 33, 32, 32, 32, 32, 33, 33, 33, 34, 34, 35, 36, 36, 37, 38, 39, 40, 41, 42, 43, 43, 43,
49, 47, 46, 45, 44, 43, 42, 41, 40, 39, 38, 37, 36, 36, 35, 34, 34, 33, 33, 33, 33, 32, 33, 33, 33, 33, 34, 34, 35, 35, 36, 37, 37, 38, 39, 40, 41, 42, 43, 44, 44,
49, 48, 46, 45, 44, 43, 42, 41, 40, 39, 38, 37, 37, 36, 35, 35, 34, 34, 34, 33, 33, 33, 33, 33, 33, 34, 34, 35, 35, 35, 36, 37, 38, 38, 39, 40, 41, 42, 43, 44, 43,
49, 48, 47, 46, 44, 43, 42, 41, 40, 39, 38, 38, 37, 36, 36, 35, 35, 34, 34, 34, 33, 34, 34, 34, 34, 34, 34, 35, 35, 36, 36, 37, 38, 39, 39, 40, 41, 42, 43, 44, 44,
49, 48, 47, 46, 44, 43, 42, 42, 41, 40, 39, 38, 37, 37, 36, 36, 35, 35, 34, 34, 34, 34, 34, 34, 34, 35, 35, 35, 36, 36, 37, 37, 38, 39, 40, 41, 41, 42, 43, 44, 43,
49, 48, 47, 46, 45, 44, 43, 42, 41, 40, 39, 39, 38, 37, 37, 36, 36, 35, 35, 35, 35, 35, 35, 35, 35, 35, 35, 36, 36, 36, 37, 38, 38, 39, 40, 41, 42, 42, 43, 44, 44,
50, 49, 47, 46, 45, 44, 43, 42, 42, 41, 40, 39, 39, 38, 38, 37, 36, 36, 36, 35, 35, 35, 35, 35, 35, 36, 36, 36, 37, 37, 38, 38, 39, 39, 40, 41, 42, 43, 44, 44, 44,
50, 49, 48, 47, 46, 45, 44, 43, 42, 41, 41, 40, 39, 39, 39, 38, 37, 37, 36, 36, 36, 36, 36, 36, 36, 36, 36, 37, 37, 38, 38, 39, 39, 40, 41, 41, 42, 43, 44, 44, 45,
51, 50, 48, 47, 47, 46, 44, 44, 43, 42, 41, 41, 40, 40, 39, 39, 38, 37, 37, 37, 37, 37, 37, 37, 37, 37, 37, 37, 38, 38, 39, 39, 40, 40, 41, 42, 43, 43, 44, 45, 45,
51, 50, 49, 48, 47, 46, 46, 44, 43, 43, 42, 41, 40, 40, 40, 39, 38, 38, 38, 37, 37, 37, 37, 37, 37, 38, 38, 38, 39, 39, 39, 40, 40, 41, 42, 42, 43, 44, 45, 45, 46,
52, 51, 50, 49, 47, 48, 48, 46, 44, 43, 43, 42, 41, 41, 40, 40, 39, 39, 39, 38, 38, 38, 38, 38, 38, 38, 39, 39, 39, 40, 40, 41, 41, 42, 42, 43, 44, 44, 45, 46, 46,
53, 51, 50, 49, 48, 48, 48, 47, 45, 44, 43, 43, 42, 41, 41, 41, 40, 40, 39, 39, 39, 39, 39, 39, 39, 39, 40, 40, 40, 41, 41, 41, 42, 42, 43, 44, 44, 45, 46, 46, 46,
53, 52, 51, 49, 48, 48, 48, 46, 45, 45, 44, 43, 43, 42, 42, 42, 41, 41, 40, 40, 40, 40, 40, 40, 40, 40, 41, 41, 41, 42, 42, 42, 43, 43, 44, 44, 45, 46, 46, 47, 46,
53, 52, 51, 50, 49, 48, 47, 47, 46, 45, 45, 44, 43, 43, 43, 42, 42, 42, 42, 41, 41, 41, 41, 41, 41, 41, 42, 42, 42, 42, 43, 43, 43, 44, 44, 45, 46, 47, 47, 47, 47,
53, 52, 51, 51, 50, 49, 48, 48, 47, 47, 46, 46, 45, 44, 44, 44, 44, 43, 43, 43, 42, 43, 43, 43, 43, 43, 43, 43, 43, 44, 44, 45, 45, 45, 45, 46, 47, 48, 48, 49, 47,
//Gb - Ch 1
52, 51, 50, 49, 48, 47, 46, 45, 44, 44, 43, 42, 42, 42, 41, 41, 40, 40, 40, 39, 39, 39, 39, 40, 40, 40, 40, 40, 40, 41, 41, 42, 42, 43, 43, 43, 44, 45, 46, 46, 46,
52, 50, 49, 48, 47, 46, 46, 45, 44, 43, 43, 42, 42, 41, 41, 40, 40, 40, 39, 39, 39, 39, 39, 39, 39, 39, 39, 40, 40, 40, 41, 41, 42, 42, 43, 43, 44, 45, 46, 46, 46,
51, 50, 49, 48, 47, 46, 46, 45, 44, 43, 42, 42, 41, 41, 40, 40, 39, 39, 38, 38, 38, 38, 38, 38, 38, 39, 39, 39, 40, 40, 40, 41, 41, 42, 42, 43, 44, 45, 45, 46, 46,
51, 50, 48, 47, 46, 46, 46, 45, 44, 42, 42, 41, 40, 40, 39, 39, 38, 38, 38, 37, 37, 37, 37, 37, 38, 38, 38, 39, 39, 39, 40, 40, 41, 41, 42, 43, 44, 44, 45, 45, 46,
50, 49, 48, 47, 46, 45, 45, 44, 43, 42, 41, 40, 40, 39, 38, 38, 38, 37, 37, 37, 37, 37, 37, 37, 37, 37, 37, 38, 38, 39, 39, 40, 40, 41, 42, 42, 43, 44, 44, 45, 45,
50, 49, 48, 46, 46, 45, 44, 43, 42, 41, 40, 40, 39, 38, 38, 37, 37, 36, 36, 36, 36, 36, 36, 36, 36, 37, 37, 37, 37, 38, 39, 39, 40, 40, 41, 42, 43, 43, 44, 45, 45,
50, 48, 47, 46, 45, 44, 43, 42, 41, 41, 40, 39, 38, 38, 37, 37, 36, 36, 35, 35, 35, 35, 35, 35, 36, 36, 36, 36, 37, 37, 38, 39, 39, 40, 41, 42, 43, 43, 44, 45, 45,
50, 48, 47, 46, 45, 44, 43, 42, 41, 40, 39, 38, 38, 37, 36, 36, 36, 35, 35, 35, 35, 35, 35, 35, 35, 35, 36, 36, 37, 37, 38, 38, 39, 39, 41, 42, 42, 43, 44, 44, 45,
49, 48, 47, 45, 44, 43, 42, 41, 41, 40, 39, 38, 37, 37, 36, 36, 35, 35, 34, 34, 34, 34, 34, 34, 34, 35, 35, 35, 36, 37, 37, 38, 38, 39, 40, 41, 42, 43, 43, 44, 44,
49, 47, 46, 45, 44, 43, 42, 41, 40, 39, 38, 38, 37, 36, 36, 35, 35, 34, 34, 34, 33, 33, 33, 33, 34, 34, 34, 35, 35, 36, 37, 37, 38, 39, 40, 41, 42, 42, 43, 44, 45,
48, 47, 46, 45, 44, 43, 42, 41, 40, 39, 38, 37, 37, 36, 35, 35, 34, 34, 33, 33, 33, 33, 33, 33, 33, 34, 34, 34, 35, 36, 36, 37, 38, 39, 39, 40, 41, 42, 43, 44, 44,
48, 47, 46, 45, 44, 43, 42, 40, 40, 39, 38, 37, 36, 35, 35, 34, 34, 34, 33, 32, 32, 32, 32, 32, 33, 33, 34, 34, 35, 35, 36, 37, 37, 38, 39, 40, 41, 42, 43, 44, 44,
48, 47, 46, 45, 43, 42, 41, 41, 40, 39, 38, 37, 36, 35, 35, 34, 34, 33, 33, 32, 32, 32, 32, 32, 32, 33, 33, 34, 34, 35, 36, 36, 37, 38, 39, 40, 41, 42, 43, 44, 44,
48, 47, 46, 45, 43, 42, 41, 40, 40, 39, 38, 37, 36, 36, 35, 34, 34, 33, 33, 32, 32, 32, 32, 32, 32, 33, 33, 34, 34, 35, 36, 37, 38, 38, 39, 40, 41, 42, 43, 43, 44,
48, 47, 46, 44, 43, 42, 41, 40, 40, 39, 38, 37, 36, 36, 35, 34, 33, 33, 32, 32, 32, 32, 32, 32, 32, 33, 33, 34, 34, 35, 36, 37, 38, 38, 39, 40, 41, 42, 43, 43, 44,
48, 47, 46, 45, 43, 42, 41, 40, 40, 39, 38, 37, 36, 36, 35, 34, 34, 33, 32, 32, 32, 32, 32, 32, 32, 33, 33, 34, 34, 35, 36, 37, 37, 38, 39, 40, 41, 42, 43, 44, 44,
48, 47, 46, 45, 44, 42, 41, 41, 40, 39, 38, 37, 36, 36, 35, 34, 34, 33, 33, 33, 32, 32, 32, 32, 33, 33, 33, 34, 35, 35, 36, 37, 37, 38, 39, 40, 41, 42, 43, 44, 44,
49, 47, 46, 45, 44, 43, 42, 41, 40, 39, 38, 37, 36, 36, 35, 34, 34, 34, 33, 33, 33, 32, 33, 33, 33, 33, 34, 34, 35, 35, 36, 37, 38, 38, 39, 40, 41, 42, 43, 44, 44,
49, 48, 46, 45, 44, 43, 42, 41, 40, 39, 38, 37, 37, 36, 35, 35, 34, 34, 34, 33, 33, 33, 33, 33, 33, 34, 34, 35, 35, 36, 36, 37, 38, 38, 39, 40, 41, 42, 43, 44, 44,
49, 48, 47, 46, 44, 43, 42, 41, 40, 39, 38, 38, 37, 36, 36, 35, 35, 34, 34, 34, 33, 33, 34, 34, 34, 34, 34, 35, 35, 36, 37, 37, 38, 39, 40, 40, 41, 42, 43, 44, 44,
49, 48, 47, 46, 44, 43, 42, 41, 41, 40, 39, 38, 37, 37, 36, 36, 35, 35, 34, 34, 34, 34, 34, 34, 34, 35, 35, 35, 36, 36, 37, 38, 38, 39, 40, 41, 42, 42, 43, 44, 44,
49, 48, 47, 46, 45, 44, 43, 42, 41, 40, 39, 39, 38, 37, 37, 36, 36, 35, 35, 35, 35, 35, 35, 35, 35, 35, 35, 36, 36, 37, 37, 38, 39, 39, 40, 41, 42, 43, 44, 44, 45,
50, 49, 47, 46, 45, 44, 43, 42, 42, 41, 40, 39, 38, 38, 38, 37, 36, 36, 35, 35, 35, 35, 35, 35, 35, 36, 36, 36, 37, 37, 38, 39, 39, 40, 40, 41, 42, 43, 44, 45, 45,
50, 49, 48, 47, 46, 45, 44, 43, 42, 41, 40, 40, 39, 39, 38, 38, 37, 36, 36, 36, 36, 36, 36, 36, 36, 36, 37, 37, 37, 38, 38, 39, 39, 40, 41, 42, 43, 43, 44, 45, 45,
50, 49, 48, 47, 46, 45, 44, 44, 43, 42, 41, 40, 39, 39, 39, 39, 37, 37, 37, 36, 36, 36, 36, 36, 37, 37, 37, 37, 38, 38, 39, 39, 40, 41, 41, 42, 43, 44, 44, 45, 45,
51, 50, 49, 48, 47, 46, 46, 44, 43, 42, 42, 41, 40, 40, 39, 39, 38, 38, 37, 37, 37, 37, 37, 37, 37, 38, 38, 38, 38, 39, 39, 40, 41, 41, 42, 43, 43, 44, 45, 46, 46,
52, 51, 49, 48, 47, 47, 47, 45, 44, 43, 42, 42, 41, 40, 40, 39, 39, 38, 38, 38, 38, 38, 38, 38, 38, 38, 39, 39, 39, 40, 40, 41, 41, 42, 43, 43, 44, 45, 45, 46, 47,
52, 51, 50, 49, 48, 48, 48, 46, 45, 44, 43, 42, 42, 41, 41, 40, 40, 39, 39, 39, 39, 39, 39, 39, 39, 39, 39, 40, 40, 41, 41, 41, 42, 43, 43, 44, 44, 45, 46, 46, 47,
53, 52, 50, 49, 48, 47, 47, 46, 45, 44, 43, 43, 42, 42, 42, 41, 41, 40, 40, 40, 40, 40, 40, 40, 40, 40, 40, 41, 41, 41, 42, 42, 43, 43, 44, 44, 45, 46, 46, 47, 47,
53, 51, 50, 49, 48, 47, 47, 46, 46, 45, 44, 43, 43, 42, 42, 42, 41, 41, 41, 41, 41, 41, 41, 41, 41, 41, 41, 41, 42, 42, 43, 43, 43, 44, 44, 45, 46, 47, 47, 47, 48,
53, 52, 52, 50, 49, 48, 48, 47, 46, 46, 45, 44, 45, 44, 43, 43, 43, 42, 42, 42, 42, 42, 42, 42, 42, 43, 43, 43, 43, 43, 44, 44, 44, 45, 45, 46, 47, 48, 48, 49, 48,
//B - Ch 0
45, 44, 43, 42, 42, 41, 40, 39, 39, 38, 37, 37, 37, 36, 36, 35, 35, 35, 35, 34, 34, 34, 34, 34, 34, 35, 34, 35, 35, 35, 35, 35, 36, 36, 36, 37, 37, 38, 38, 39, 39,
45, 44, 43, 42, 41, 41, 40, 39, 38, 38, 37, 37, 36, 36, 36, 35, 35, 35, 34, 34, 34, 34, 34, 34, 34, 34, 34, 35, 35, 35, 35, 35, 36, 36, 36, 37, 37, 38, 38, 39, 39,
45, 44, 43, 42, 41, 40, 40, 40, 38, 38, 37, 37, 36, 36, 35, 35, 35, 35, 34, 34, 34, 34, 34, 34, 34, 34, 34, 34, 35, 35, 35, 35, 36, 36, 36, 37, 37, 37, 38, 38, 39,
44, 43, 43, 42, 41, 40, 40, 40, 38, 38, 37, 37, 36, 36, 35, 35, 35, 34, 34, 34, 34, 34, 34, 34, 34, 34, 34, 34, 34, 34, 35, 35, 35, 35, 36, 36, 37, 37, 37, 38, 38,
44, 43, 42, 41, 41, 40, 40, 39, 38, 38, 37, 36, 36, 36, 35, 35, 34, 34, 34, 34, 34, 34, 34, 34, 34, 34, 34, 34, 34, 34, 35, 35, 35, 35, 35, 36, 36, 37, 37, 37, 38,
44, 43, 42, 41, 40, 40, 39, 39, 38, 37, 37, 36, 36, 35, 35, 35, 34, 34, 34, 34, 34, 33, 33, 33, 33, 34, 34, 34, 34, 34, 34, 34, 34, 35, 35, 36, 36, 36, 37, 37, 38,
43, 43, 42, 41, 40, 39, 39, 38, 38, 37, 36, 36, 36, 35, 35, 34, 34, 34, 34, 34, 33, 33, 33, 33, 33, 33, 33, 33, 33, 34, 34, 34, 34, 34, 35, 35, 36, 36, 36, 37, 36,
43, 42, 41, 41, 40, 39, 39, 38, 37, 37, 36, 36, 35, 35, 35, 34, 34, 34, 33, 33, 33, 33, 33, 33, 33, 33, 33, 33, 33, 33, 34, 34, 34, 34, 35, 35, 35, 36, 36, 36, 36,
43, 42, 41, 40, 40, 39, 38, 38, 37, 37, 36, 36, 35, 35, 35, 34, 34, 34, 33, 33, 33, 33, 33, 33, 33, 33, 33, 33, 33, 33, 33, 33, 34, 34, 34, 35, 35, 35, 36, 36, 36,
43, 42, 41, 40, 39, 39, 38, 38, 37, 37, 36, 36, 35, 35, 35, 34, 34, 34, 33, 33, 33, 33, 32, 33, 33, 33, 33, 33, 33, 33, 33, 33, 33, 34, 34, 34, 35, 35, 35, 35, 35,
42, 41, 41, 40, 39, 39, 38, 38, 37, 37, 36, 36, 35, 35, 35, 34, 34, 33, 33, 33, 33, 32, 32, 32, 32, 32, 33, 33, 33, 33, 33, 33, 33, 34, 34, 34, 34, 35, 35, 35, 35,
42, 41, 40, 40, 39, 39, 38, 38, 37, 37, 36, 36, 35, 35, 34, 34, 34, 33, 33, 32, 32, 32, 32, 32, 32, 32, 32, 32, 33, 33, 33, 33, 33, 33, 34, 34, 34, 34, 35, 35, 35,
42, 41, 40, 40, 39, 38, 38, 38, 37, 37, 36, 36, 35, 35, 35, 34, 34, 33, 33, 32, 32, 32, 32, 32, 32, 32, 32, 33, 33, 33, 33, 33, 33, 33, 34, 34, 34, 34, 35, 35, 36,
42, 41, 40, 40, 39, 38, 38, 38, 37, 37, 36, 36, 36, 35, 35, 34, 34, 33, 33, 32, 32, 32, 32, 32, 32, 32, 32, 32, 33, 33, 33, 33, 33, 33, 33, 34, 34, 34, 35, 35, 35,
42, 41, 40, 40, 39, 38, 38, 38, 37, 37, 36, 36, 36, 35, 35, 34, 34, 33, 33, 32, 32, 32, 32, 32, 32, 32, 32, 32, 33, 33, 33, 33, 33, 33, 34, 34, 34, 34, 35, 35, 35,
42, 41, 40, 40, 39, 38, 38, 38, 37, 37, 37, 36, 36, 35, 35, 34, 34, 33, 33, 32, 32, 32, 32, 32, 32, 32, 32, 32, 33, 33, 33, 33, 33, 33, 34, 34, 34, 34, 35, 35, 35,
42, 41, 40, 40, 39, 39, 38, 38, 37, 37, 37, 36, 36, 35, 35, 34, 34, 34, 33, 33, 32, 32, 32, 32, 32, 32, 32, 33, 33, 33, 33, 33, 33, 33, 33, 34, 34, 35, 35, 35, 35,
43, 42, 41, 40, 39, 39, 38, 38, 37, 37, 36, 36, 36, 35, 35, 34, 34, 34, 33, 33, 33, 32, 32, 33, 32, 33, 33, 33, 33, 33, 33, 33, 33, 34, 34, 34, 34, 35, 35, 35, 35,
43, 42, 41, 40, 39, 39, 38, 38, 37, 37, 36, 36, 36, 35, 35, 34, 34, 34, 34, 33, 33, 33, 33, 33, 33, 33, 33, 33, 33, 33, 33, 33, 33, 33, 34, 34, 34, 35, 35, 35, 35,
43, 42, 41, 41, 40, 39, 38, 38, 37, 37, 37, 36, 36, 35, 35, 35, 34, 34, 34, 33, 33, 33, 33, 33, 33, 33, 33, 33, 33, 33, 33, 33, 34, 34, 34, 34, 34, 35, 35, 36, 35,
43, 42, 41, 41, 40, 39, 39, 38, 38, 37, 37, 36, 36, 36, 35, 35, 35, 34, 34, 34, 34, 33, 33, 33, 33, 33, 33, 33, 33, 33, 33, 34, 34, 34, 34, 34, 35, 35, 35, 36, 35,
43, 42, 42, 41, 40, 40, 39, 38, 38, 37, 37, 37, 36, 36, 36, 35, 35, 34, 34, 34, 34, 34, 34, 34, 33, 33, 34, 34, 34, 34, 34, 34, 34, 34, 34, 35, 35, 35, 36, 36, 36,
44, 43, 42, 41, 40, 40, 39, 39, 38, 38, 37, 37, 36, 36, 36, 35, 35, 35, 34, 34, 34, 34, 34, 34, 34, 34, 34, 34, 34, 34, 34, 34, 34, 34, 34, 35, 35, 36, 36, 36, 36,
44, 43, 42, 41, 41, 40, 40, 39, 39, 38, 38, 37, 36, 37, 36, 36, 35, 35, 34, 34, 34, 34, 34, 34, 34, 34, 34, 34, 34, 34, 34, 34, 34, 35, 35, 35, 36, 36, 36, 37, 36,
44, 43, 43, 42, 41, 41, 40, 39, 39, 38, 38, 37, 37, 37, 36, 36, 35, 35, 35, 34, 34, 34, 34, 34, 34, 34, 34, 34, 34, 34, 34, 35, 35, 35, 35, 36, 36, 36, 37, 37, 37,
45, 44, 43, 42, 41, 41, 41, 40, 39, 39, 38, 37, 37, 36, 36, 36, 35, 35, 35, 35, 35, 34, 34, 34, 34, 34, 34, 34, 35, 35, 35, 35, 35, 35, 36, 36, 36, 37, 37, 38, 38,
45, 44, 43, 43, 42, 42, 42, 41, 39, 39, 38, 37, 37, 37, 36, 36, 36, 35, 35, 35, 35, 35, 35, 35, 34, 35, 35, 35, 35, 35, 35, 35, 36, 36, 36, 37, 37, 37, 38, 38, 38,
46, 44, 44, 43, 42, 42, 42, 41, 40, 39, 38, 38, 37, 37, 37, 36, 36, 35, 35, 35, 35, 35, 35, 35, 35, 35, 35, 35, 35, 35, 36, 36, 36, 36, 36, 37, 37, 38, 38, 38, 39,
46, 45, 44, 43, 42, 42, 41, 41, 40, 39, 39, 38, 38, 37, 37, 37, 36, 36, 35, 35, 35, 35, 35, 35, 35, 35, 35, 36, 36, 36, 36, 36, 37, 37, 37, 37, 38, 38, 39, 39, 39,
46, 45, 44, 43, 43, 42, 41, 41, 40, 39, 39, 38, 38, 37, 37, 37, 36, 36, 36, 36, 36, 36, 36, 36, 36, 36, 36, 36, 36, 36, 37, 37, 37, 37, 38, 38, 39, 39, 39, 40, 40,
48, 45, 46, 44, 44, 42, 42, 41, 41, 41, 40, 40, 39, 39, 38, 37, 37, 37, 36, 37, 37, 37, 36, 37, 36, 37, 37, 37, 37, 37, 38, 37, 38, 38, 38, 39, 40, 41, 41, 41, 40,
};
uint32_t ref_transform = 3;
uint32_t grid_width = 31;
uint32_t grid_height = 41;
